5 5
13
5 1 0
1 3 0
3 3 0
5 3 0
7 3 0
9 3 0
1 5 0
6 5 0
9 5 0
3 7 0
8 8 0
1 9 0
5 9 0
-1 -1 0 -1 -1 1 2 3 4 5 6 -1 7 7 8 -1 9 -1 10 10 11 -1 12 10 10 
-1 0 0 0 -1 1 2 3 4 5 6 -1 7 7 8 -1 9 -1 10 10 11 -1 12 10 10 
-1 2 0 -1 -1 1 2 3 4 5 6 2 7 7 8 -1 9 -1 10 10 11 -1 12 10 10 
-1 -1 0 -1 -1 1 2 3 4 5 6 -1 7 7 8 9 9 9 10 10 11 -1 12 10 10 
-1 -1 0 -1 -1 1 2 3 4 5 6 9 7 7 8 -1 9 -1 10 10 11 9 12 10 10 
0 0 0 0 0 1 2 3 4 5 6 -1 7 7 8 -1 9 -1 10 10 11 -1 12 10 10 
-1 0 0 0 -1 1 2 3 4 5 6 -1 7 7 8 9 9 9 10 10 11 -1 12 10 10 
-1 0 0 0 -1 1 2 3 4 5 6 9 7 7 8 -1 9 -1 10 10 11 9 12 10 10 
-1 2 0 -1 -1 1 2 3 4 5 6 2 7 7 8 9 9 9 10 10 11 -1 12 10 10 
-1 -1 0 -1 -1 1 2 3 4 5 6 9 7 7 8 9 9 9 10 10 11 9 12 10 10 
0 0 0 0 0 1 2 3 4 5 6 -1 7 7 8 9 9 9 10 10 11 -1 12 10 10 
0 0 0 0 0 1 2 3 4 5 6 9 7 7 8 -1 9 -1 10 10 11 9 12 10 10 
-1 0 0 0 -1 1 2 3 4 5 6 9 7 7 8 9 9 9 10 10 11 9 12 10 10 
0 0 0 0 0 1 2 3 4 5 6 9 7 7 8 9 9 9 10 10 11 9 12 10 10 
0 0 0 0 0 1 2 3 4 5 6 9 7 7 8 9 9 9 10 10 11 9 12 10 10 
