7 7
26
3 1 0
5 1 0
11 1 0
13 1 0
1 2 0
9 2 0
7 3 0
5 4 0
3 5 0
9 5 0
11 5 0
1 6 0
13 6 0
3 7 0
8 7 0
11 7 0
3 9 0
8 9 0
1 11 0
7 11 0
9 11 0
13 11 0
3 12 0
5 12 0
8 13 0
12 13 0
4 0 1 -1 5 2 3 4 -1 7 6 5 -1 -1 11 8 7 -1 9 10 12 11 13 -1 14 14 15 12 -1 16 -1 17 17 -1 -1 18 22 23 19 20 -1 21 -1 22 23 24 24 25 25 
4 0 1 5 5 2 3 4 -1 7 6 5 5 -1 11 8 7 -1 9 10 12 11 13 -1 14 14 15 12 -1 16 -1 17 17 -1 -1 18 22 23 19 20 -1 21 -1 22 23 24 24 25 25 
4 0 1 6 5 2 3 4 -1 7 6 5 -1 -1 11 8 7 6 9 10 12 11 13 -1 14 14 15 12 -1 16 -1 17 17 -1 -1 18 22 23 19 20 -1 21 -1 22 23 24 24 25 25 
4 0 1 -1 5 2 3 4 7 7 6 5 -1 -1 11 8 7 7 9 10 12 11 13 -1 14 14 15 12 -1 16 -1 17 17 -1 -1 18 22 23 19 20 -1 21 -1 22 23 24 24 25 25 
4 0 1 -1 5 2 3 4 -1 7 6 5 -1 12 11 8 7 -1 9 10 12 11 13 -1 14 14 15 12 -1 16 -1 17 17 -1 12 18 22 23 19 20 -1 21 -1 22 23 24 24 25 25 
4 0 1 -1 5 2 3 4 -1 7 6 5 -1 -1 11 8 7 -1 9 10 12 11 13 -1 14 14 15 12 16 16 16 17 17 -1 -1 18 22 23 19 20 -1 21 -1 22 23 24 24 25 25 
4 0 1 -1 5 2 3 4 -1 7 6 5 -1 -1 11 8 7 -1 9 10 12 11 13 -1 14 14 15 12 -1 16 17 17 17 17 -1 18 22 23 19 20 -1 21 -1 22 23 24 24 25 25 
4 0 1 -1 5 2 3 4 -1 7 6 5 -1 -1 11 8 7 -1 9 10 12 11 13 -1 14 14 15 12 18 16 -1 17 17 -1 -1 18 22 23 19 20 -1 21 18 22 23 24 24 25 25 
4 0 1 5 5 2 3 4 7 7 6 5 5 -1 11 8 7 7 9 10 12 11 13 -1 14 14 15 12 -1 16 -1 17 17 -1 -1 18 22 23 19 20 -1 21 -1 22 23 24 24 25 25 
4 0 1 5 5 2 3 4 -1 7 6 5 5 12 11 8 7 -1 9 10 12 11 13 -1 14 14 15 12 -1 16 -1 17 17 -1 12 18 22 23 19 20 -1 21 -1 22 23 24 24 25 25 
4 0 1 5 5 2 3 4 -1 7 6 5 5 -1 11 8 7 -1 9 10 12 11 13 -1 14 14 15 12 16 16 16 17 17 -1 -1 18 22 23 19 20 -1 21 -1 22 23 24 24 25 25 
4 0 1 5 5 2 3 4 -1 7 6 5 5 -1 11 8 7 -1 9 10 12 11 13 -1 14 14 15 12 -1 16 17 17 17 17 -1 18 22 23 19 20 -1 21 -1 22 23 24 24 25 25 
4 0 1 5 5 2 3 4 -1 7 6 5 5 -1 11 8 7 -1 9 10 12 11 13 -1 14 14 15 12 18 16 -1 17 17 -1 -1 18 22 23 19 20 -1 21 18 22 23 24 24 25 25 
4 0 1 6 5 2 3 4 -1 7 6 5 -1 12 11 8 7 6 9 10 12 11 13 -1 14 14 15 12 -1 16 -1 17 17 -1 12 18 22 23 19 20 -1 21 -1 22 23 24 24 25 25 
4 0 1 6 5 2 3 4 -1 7 6 5 -1 -1 11 8 7 6 9 10 12 11 13 -1 14 14 15 12 16 16 16 17 17 -1 -1 18 22 23 19 20 -1 21 -1 22 23 24 24 25 25 
4 0 1 6 5 2 3 4 -1 7 6 5 -1 -1 11 8 7 6 9 10 12 11 13 -1 14 14 15 12 -1 16 17 17 17 17 -1 18 22 23 19 20 -1 21 -1 22 23 24 24 25 25 
4 0 1 6 5 2 3 4 -1 7 6 5 -1 -1 11 8 7 6 9 10 12 11 13 -1 14 14 15 12 18 16 -1 17 17 -1 -1 18 22 23 19 20 -1 21 18 22 23 24 24 25 25 
4 0 1 -1 5 2 3 4 7 7 6 5 -1 12 11 8 7 7 9 10 12 11 13 -1 14 14 15 12 -1 16 -1 17 17 -1 12 18 22 23 19 20 -1 21 -1 22 23 24 24 25 25 
4 0 1 -1 5 2 3 4 7 7 6 5 -1 -1 11 8 7 7 9 10 12 11 13 -1 14 14 15 12 16 16 16 17 17 -1 -1 18 22 23 19 20 -1 21 -1 22 23 24 24 25 25 
4 0 1 -1 5 2 3 4 7 7 6 5 -1 -1 11 8 7 7 9 10 12 11 13 -1 14 14 15 12 -1 16 17 17 17 17 -1 18 22 23 19 20 -1 21 -1 22 23 24 24 25 25 
4 0 1 -1 5 2 3 4 7 7 6 5 -1 -1 11 8 7 7 9 10 12 11 13 -1 14 14 15 12 18 16 -1 17 17 -1 -1 18 22 23 19 20 -1 21 18 22 23 24 24 25 25 
4 0 1 -1 5 2 3 4 -1 7 6 5 -1 12 11 8 7 -1 9 10 12 11 13 -1 14 14 15 12 16 16 16 17 17 -1 12 18 22 23 19 20 -1 21 -1 22 23 24 24 25 25 
4 0 1 -1 5 2 3 4 -1 7 6 5 -1 12 11 8 7 -1 9 10 12 11 13 -1 14 14 15 12 -1 16 17 17 17 17 12 18 22 23 19 20 -1 21 -1 22 23 24 24 25 25 
4 0 1 -1 5 2 3 4 -1 7 6 5 -1 12 11 8 7 -1 9 10 12 11 13 -1 14 14 15 12 18 16 -1 17 17 -1 12 18 22 23 19 20 -1 21 18 22 23 24 24 25 25 
4 0 1 -1 5 2 3 4 -1 7 6 5 -1 -1 11 8 7 -1 9 10 12 11 13 17 14 14 15 12 -1 16 17 17 17 17 -1 18 22 23 19 20 17 21 -1 22 23 24 24 25 25 
4 0 1 -1 5 2 3 4 -1 7 6 5 -1 -1 11 8 7 -1 9 10 12 11 13 -1 14 14 15 12 18 16 17 17 17 17 -1 18 22 23 19 20 -1 21 18 22 23 24 24 25 25 
4 0 1 5 5 2 3 4 7 7 6 5 5 12 11 8 7 7 9 10 12 11 13 -1 14 14 15 12 -1 16 -1 17 17 -1 12 18 22 23 19 20 -1 21 -1 22 23 24 24 25 25 
4 0 1 5 5 2 3 4 7 7 6 5 5 -1 11 8 7 7 9 10 12 11 13 -1 14 14 15 12 16 16 16 17 17 -1 -1 18 22 23 19 20 -1 21 -1 22 23 24 24 25 25 
4 0 1 5 5 2 3 4 7 7 6 5 5 -1 11 8 7 7 9 10 12 11 13 -1 14 14 15 12 -1 16 17 17 17 17 -1 18 22 23 19 20 -1 21 -1 22 23 24 24 25 25 
4 0 1 5 5 2 3 4 7 7 6 5 5 -1 11 8 7 7 9 10 12 11 13 -1 14 14 15 12 18 16 -1 17 17 -1 -1 18 22 23 19 20 -1 21 18 22 23 24 24 25 25 
4 0 1 5 5 2 3 4 -1 7 6 5 5 12 11 8 7 -1 9 10 12 11 13 -1 14 14 15 12 16 16 16 17 17 -1 12 18 22 23 19 20 -1 21 -1 22 23 24 24 25 25 
4 0 1 5 5 2 3 4 -1 7 6 5 5 12 11 8 7 -1 9 10 12 11 13 -1 14 14 15 12 -1 16 17 17 17 17 12 18 22 23 19 20 -1 21 -1 22 23 24 24 25 25 
4 0 1 5 5 2 3 4 -1 7 6 5 5 12 11 8 7 -1 9 10 12 11 13 -1 14 14 15 12 18 16 -1 17 17 -1 12 18 22 23 19 20 -1 21 18 22 23 24 24 25 25 
4 0 1 5 5 2 3 4 -1 7 6 5 5 -1 11 8 7 -1 9 10 12 11 13 17 14 14 15 12 -1 16 17 17 17 17 -1 18 22 23 19 20 17 21 -1 22 23 24 24 25 25 
4 0 1 5 5 2 3 4 -1 7 6 5 5 -1 11 8 7 -1 9 10 12 11 13 -1 14 14 15 12 18 16 17 17 17 17 -1 18 22 23 19 20 -1 21 18 22 23 24 24 25 25 
4 0 1 6 5 2 3 4 -1 7 6 5 -1 12 11 8 7 6 9 10 12 11 13 -1 14 14 15 12 16 16 16 17 17 -1 12 18 22 23 19 20 -1 21 -1 22 23 24 24 25 25 
4 0 1 6 5 2 3 4 -1 7 6 5 -1 12 11 8 7 6 9 10 12 11 13 -1 14 14 15 12 -1 16 17 17 17 17 12 18 22 23 19 20 -1 21 -1 22 23 24 24 25 25 
4 0 1 6 5 2 3 4 -1 7 6 5 -1 12 11 8 7 6 9 10 12 11 13 -1 14 14 15 12 18 16 -1 17 17 -1 12 18 22 23 19 20 -1 21 18 22 23 24 24 25 25 
4 0 1 6 5 2 3 4 -1 7 6 5 -1 -1 11 8 7 6 9 10 12 11 13 17 14 14 15 12 -1 16 17 17 17 17 -1 18 22 23 19 20 17 21 -1 22 23 24 24 25 25 
4 0 1 6 5 2 3 4 -1 7 6 5 -1 -1 11 8 7 6 9 10 12 11 13 -1 14 14 15 12 18 16 17 17 17 17 -1 18 22 23 19 20 -1 21 18 22 23 24 24 25 25 
4 0 1 -1 5 2 3 4 7 7 6 5 -1 12 11 8 7 7 9 10 12 11 13 -1 14 14 15 12 16 16 16 17 17 -1 12 18 22 23 19 20 -1 21 -1 22 23 24 24 25 25 
4 0 1 -1 5 2 3 4 7 7 6 5 -1 12 11 8 7 7 9 10 12 11 13 -1 14 14 15 12 -1 16 17 17 17 17 12 18 22 23 19 20 -1 21 -1 22 23 24 24 25 25 
4 0 1 -1 5 2 3 4 7 7 6 5 -1 12 11 8 7 7 9 10 12 11 13 -1 14 14 15 12 18 16 -1 17 17 -1 12 18 22 23 19 20 -1 21 18 22 23 24 24 25 25 
4 0 1 -1 5 2 3 4 7 7 6 5 -1 -1 11 8 7 7 9 10 12 11 13 17 14 14 15 12 -1 16 17 17 17 17 -1 18 22 23 19 20 17 21 -1 22 23 24 24 25 25 
4 0 1 -1 5 2 3 4 7 7 6 5 -1 -1 11 8 7 7 9 10 12 11 13 -1 14 14 15 12 18 16 17 17 17 17 -1 18 22 23 19 20 -1 21 18 22 23 24 24 25 25 
4 0 1 -1 5 2 3 4 -1 7 6 5 -1 12 11 8 7 -1 9 10 12 11 13 17 14 14 15 12 -1 16 17 17 17 17 12 18 22 23 19 20 17 21 -1 22 23 24 24 25 25 
4 0 1 -1 5 2 3 4 -1 7 6 5 -1 12 11 8 7 -1 9 10 12 11 13 -1 14 14 15 12 18 16 17 17 17 17 12 18 22 23 19 20 -1 21 18 22 23 24 24 25 25 
4 0 1 -1 5 2 3 4 -1 7 6 5 -1 -1 11 8 7 -1 9 10 12 11 13 17 14 14 15 12 18 16 17 17 17 17 -1 18 22 23 19 20 17 21 18 22 23 24 24 25 25 
4 0 1 5 5 2 3 4 7 7 6 5 5 12 11 8 7 7 9 10 12 11 13 -1 14 14 15 12 16 16 16 17 17 -1 12 18 22 23 19 20 -1 21 -1 22 23 24 24 25 25 
4 0 1 5 5 2 3 4 7 7 6 5 5 12 11 8 7 7 9 10 12 11 13 -1 14 14 15 12 -1 16 17 17 17 17 12 18 22 23 19 20 -1 21 -1 22 23 24 24 25 25 
4 0 1 5 5 2 3 4 7 7 6 5 5 12 11 8 7 7 9 10 12 11 13 -1 14 14 15 12 18 16 -1 17 17 -1 12 18 22 23 19 20 -1 21 18 22 23 24 24 25 25 
4 0 1 5 5 2 3 4 7 7 6 5 5 -1 11 8 7 7 9 10 12 11 13 17 14 14 15 12 -1 16 17 17 17 17 -1 18 22 23 19 20 17 21 -1 22 23 24 24 25 25 
4 0 1 5 5 2 3 4 7 7 6 5 5 -1 11 8 7 7 9 10 12 11 13 -1 14 14 15 12 18 16 17 17 17 17 -1 18 22 23 19 20 -1 21 18 22 23 24 24 25 25 
4 0 1 5 5 2 3 4 -1 7 6 5 5 12 11 8 7 -1 9 10 12 11 13 17 14 14 15 12 -1 16 17 17 17 17 12 18 22 23 19 20 17 21 -1 22 23 24 24 25 25 
4 0 1 5 5 2 3 4 -1 7 6 5 5 12 11 8 7 -1 9 10 12 11 13 -1 14 14 15 12 18 16 17 17 17 17 12 18 22 23 19 20 -1 21 18 22 23 24 24 25 25 
4 0 1 5 5 2 3 4 -1 7 6 5 5 -1 11 8 7 -1 9 10 12 11 13 17 14 14 15 12 18 16 17 17 17 17 -1 18 22 23 19 20 17 21 18 22 23 24 24 25 25 
4 0 1 6 5 2 3 4 -1 7 6 5 -1 12 11 8 7 6 9 10 12 11 13 17 14 14 15 12 -1 16 17 17 17 17 12 18 22 23 19 20 17 21 -1 22 23 24 24 25 25 
4 0 1 6 5 2 3 4 -1 7 6 5 -1 12 11 8 7 6 9 10 12 11 13 -1 14 14 15 12 18 16 17 17 17 17 12 18 22 23 19 20 -1 21 18 22 23 24 24 25 25 
4 0 1 6 5 2 3 4 -1 7 6 5 -1 -1 11 8 7 6 9 10 12 11 13 17 14 14 15 12 18 16 17 17 17 17 -1 18 22 23 19 20 17 21 18 22 23 24 24 25 25 
4 0 1 -1 5 2 3 4 7 7 6 5 -1 12 11 8 7 7 9 10 12 11 13 17 14 14 15 12 -1 16 17 17 17 17 12 18 22 23 19 20 17 21 -1 22 23 24 24 25 25 
4 0 1 -1 5 2 3 4 7 7 6 5 -1 12 11 8 7 7 9 10 12 11 13 -1 14 14 15 12 18 16 17 17 17 17 12 18 22 23 19 20 -1 21 18 22 23 24 24 25 25 
4 0 1 -1 5 2 3 4 7 7 6 5 -1 -1 11 8 7 7 9 10 12 11 13 17 14 14 15 12 18 16 17 17 17 17 -1 18 22 23 19 20 17 21 18 22 23 24 24 25 25 
4 0 1 -1 5 2 3 4 -1 7 6 5 -1 12 11 8 7 -1 9 10 12 11 13 17 14 14 15 12 18 16 17 17 17 17 12 18 22 23 19 20 17 21 18 22 23 24 24 25 25 
4 0 1 5 5 2 3 4 7 7 6 5 5 12 11 8 7 7 9 10 12 11 13 17 14 14 15 12 -1 16 17 17 17 17 12 18 22 23 19 20 17 21 -1 22 23 24 24 25 25 
4 0 1 5 5 2 3 4 7 7 6 5 5 12 11 8 7 7 9 10 12 11 13 -1 14 14 15 12 18 16 17 17 17 17 12 18 22 23 19 20 -1 21 18 22 23 24 24 25 25 
4 0 1 5 5 2 3 4 7 7 6 5 5 -1 11 8 7 7 9 10 12 11 13 17 14 14 15 12 18 16 17 17 17 17 -1 18 22 23 19 20 17 21 18 22 23 24 24 25 25 
4 0 1 5 5 2 3 4 -1 7 6 5 5 12 11 8 7 -1 9 10 12 11 13 17 14 14 15 12 18 16 17 17 17 17 12 18 22 23 19 20 17 21 18 22 23 24 24 25 25 
4 0 1 6 5 2 3 4 -1 7 6 5 -1 12 11 8 7 6 9 10 12 11 13 17 14 14 15 12 18 16 17 17 17 17 12 18 22 23 19 20 17 21 18 22 23 24 24 25 25 
4 0 1 -1 5 2 3 4 7 7 6 5 -1 12 11 8 7 7 9 10 12 11 13 17 14 14 15 12 18 16 17 17 17 17 12 18 22 23 19 20 17 21 18 22 23 24 24 25 25 
4 0 1 5 5 2 3 4 7 7 6 5 5 12 11 8 7 7 9 10 12 11 13 17 14 14 15 12 18 16 17 17 17 17 12 18 22 23 19 20 17 21 18 22 23 24 24 25 25 
4 0 1 5 5 2 3 4 7 7 6 5 5 12 11 8 7 7 9 10 12 11 13 17 14 14 15 12 18 16 17 17 17 17 12 18 22 23 19 20 17 21 18 22 23 24 24 25 25 
