7 7
25
5 1 0
13 1 0
2 2 0
7 2 0
5 3 0
13 3 0
10 4 0
1 5 0
3 5 0
5 5 0
7 5 0
13 5 0
13 7 0
2 8 0
6 8 0
12 9 0
1 11 0
4 11 0
9 11 0
13 11 0
2 13 0
5 13 0
7 13 0
11 13 0
13 13 0
2 2 0 3 -1 -1 1 2 2 4 3 6 6 5 7 8 9 10 6 6 11 13 13 14 14 -1 -1 12 13 13 14 14 -1 15 15 16 17 17 -1 18 -1 19 20 20 21 22 -1 23 24 
2 2 0 3 6 -1 1 2 2 4 3 6 6 5 7 8 9 10 6 6 11 13 13 14 14 -1 6 12 13 13 14 14 -1 15 15 16 17 17 -1 18 -1 19 20 20 21 22 -1 23 24 
2 2 0 3 -1 6 1 2 2 4 3 6 6 5 7 8 9 10 6 6 11 13 13 14 14 6 -1 12 13 13 14 14 -1 15 15 16 17 17 -1 18 -1 19 20 20 21 22 -1 23 24 
2 2 0 3 -1 -1 1 2 2 4 3 6 6 5 7 8 9 10 6 6 11 13 13 14 14 -1 -1 12 13 13 14 14 -1 15 15 16 17 17 18 18 18 19 20 20 21 22 -1 23 24 
2 2 0 3 -1 -1 1 2 2 4 3 6 6 5 7 8 9 10 6 6 11 13 13 14 14 -1 -1 12 13 13 14 14 18 15 15 16 17 17 -1 18 -1 19 20 20 21 22 18 23 24 
2 2 0 3 6 6 1 2 2 4 3 6 6 5 7 8 9 10 6 6 11 13 13 14 14 6 6 12 13 13 14 14 -1 15 15 16 17 17 -1 18 -1 19 20 20 21 22 -1 23 24 
2 2 0 3 6 -1 1 2 2 4 3 6 6 5 7 8 9 10 6 6 11 13 13 14 14 -1 6 12 13 13 14 14 -1 15 15 16 17 17 18 18 18 19 20 20 21 22 -1 23 24 
2 2 0 3 6 -1 1 2 2 4 3 6 6 5 7 8 9 10 6 6 11 13 13 14 14 -1 6 12 13 13 14 14 18 15 15 16 17 17 -1 18 -1 19 20 20 21 22 18 23 24 
2 2 0 3 -1 6 1 2 2 4 3 6 6 5 7 8 9 10 6 6 11 13 13 14 14 6 -1 12 13 13 14 14 -1 15 15 16 17 17 18 18 18 19 20 20 21 22 -1 23 24 
2 2 0 3 -1 6 1 2 2 4 3 6 6 5 7 8 9 10 6 6 11 13 13 14 14 6 -1 12 13 13 14 14 18 15 15 16 17 17 -1 18 -1 19 20 20 21 22 18 23 24 
2 2 0 3 -1 -1 1 2 2 4 3 6 6 5 7 8 9 10 6 6 11 13 13 14 14 -1 -1 12 13 13 14 14 18 15 15 16 17 17 18 18 18 19 20 20 21 22 18 23 24 
2 2 0 3 6 6 1 2 2 4 3 6 6 5 7 8 9 10 6 6 11 13 13 14 14 6 6 12 13 13 14 14 -1 15 15 16 17 17 18 18 18 19 20 20 21 22 -1 23 24 
2 2 0 3 6 6 1 2 2 4 3 6 6 5 7 8 9 10 6 6 11 13 13 14 14 6 6 12 13 13 14 14 18 15 15 16 17 17 -1 18 -1 19 20 20 21 22 18 23 24 
2 2 0 3 6 -1 1 2 2 4 3 6 6 5 7 8 9 10 6 6 11 13 13 14 14 -1 6 12 13 13 14 14 18 15 15 16 17 17 18 18 18 19 20 20 21 22 18 23 24 
2 2 0 3 -1 6 1 2 2 4 3 6 6 5 7 8 9 10 6 6 11 13 13 14 14 6 -1 12 13 13 14 14 18 15 15 16 17 17 18 18 18 19 20 20 21 22 18 23 24 
2 2 0 3 6 6 1 2 2 4 3 6 6 5 7 8 9 10 6 6 11 13 13 14 14 6 6 12 13 13 14 14 18 15 15 16 17 17 18 18 18 19 20 20 21 22 18 23 24 
2 2 0 3 6 6 1 2 2 4 3 6 6 5 7 8 9 10 6 6 11 13 13 14 14 6 6 12 13 13 14 14 18 15 15 16 17 17 18 18 18 19 20 20 21 22 18 23 24 
